1
2
3
6
12
13
14
15
16
17
18
21
22
31
34
39
40
41
42
43
44
45
46
47
48
49
62
69
70
71
72
73
74
75
76
79
80
81
82
83
84
85
87
91
92
93
94
95
102
103
111
112
121
122
123
124
130
131
138
139
140
141
142
144
145
146
149
163
164
165
166
167
168
169
170
171
174
176
177
178
183
184
187
188
189
193
194
195
198
199
203
205
207
208
211
212
213
214
215
219
220
221
222
225
226
227
228
229
230
238
246
247
248
249
250
251
256
257
259
260
267
269
270
271
272
274
275
276
277
278
279
280
281
282
283
284
286
290
291
292
298
302
303
304
305
306
307
308
315
318
319
322
323
329
330
332
333
334
337
338
339
340
342
343
344
345
346
347
348
357
363
364
365
369
373
374
375
376
380
381
384
385
389
391
392
395
396
397
398
400
406
407
410
411
413
414
415
416
423
425
426
430
434
435
436
437
439
441
442
443
444
445
448
451
452
453
454
458
459
460
461
462
464
468
469
472
473
475
476
478
479
483
484
485
487
494
499
500
519
520
521
527
528
530
536
537
540
541
542
543
544
545
546
547
551
552
553
557
558
559
560
561
564
565
566
567
580
581
585
586
587
589
590
591
592
593
595
596
597
598
607
608
609
618
622
623
624
625
627
628
629
630
632
633
634
635
636
637
638
639
640
642
643
644
645
646
647
648
649
652
655
658
660
661
662
663
666
667
668
675
679
680
681
686
687
688
689
690
691
694
695
696
697
698
699
701
702
703
707
708
709
710
711
714
715
717
718
719
720
721